0.002 0.002 0.002 0.002 0.002 0.002 0.002 0.002 0.002 0.002 0.002 0.002 0.002 0.002 0.002 0.002 0.002 0.002 0.002 0.002 0.002 0.002 0.002 0.002 0.002 0.002 0.002 0.002 
0.002 0.002 0.002 0.002 0.002 0.002 0.002 0.002 0.002 0.002 0.002 0.002 0.002 0.002 0.002 0.002 0.002 0.002 0.002 0.002 0.002 0.002 0.002 0.002 0.002 0.002 0.002 0.002 
0.002 0.002 0.002 0.002 0.002 0.002 0.002 0.002 0.002 0.002 0.002 0.002 0.002 0.002 0.002 0.002 0.002 0.002 0.002 0.002 0.002 0.002 0.002 0.002 0.002 0.002 0.002 0.002 
0.002 0.002 0.002 0.002 0.002 0.002 0.002 0.002 0.002 0.002 0.004 0.01 0.017 0.025 0.031 0.033 0.031 0.033 0.027 0.015 0.01 0.004 0.002 0.002 0.002 0.002 0.002 0.002 
0.002 0.002 0.002 0.002 0.002 0.002 0.002 0.004 0.01 0.025 0.052 0.123 0.21 0.287 0.37 0.422 0.412 0.42 0.358 0.277 0.177 0.112 0.064 0.025 0.006 0.002 0.002 0.002 
0.002 0.002 0.002 0.002 0.002 0.002 0.004 0.008 0.029 0.083 0.185 0.272 0.407 0.559 0.678 0.759 0.775 0.753 0.638 0.52 0.358 0.249 0.129 0.056 0.01 0.002 0.002 0.002 
0.002 0.002 0.002 0.002 0.006 0.006 0.008 0.025 0.071 0.189 0.316 0.437 0.586 0.721 0.809 0.877 0.896 0.881 0.807 0.699 0.549 0.37 0.227 0.096 0.021 0.002 0.002 0.002 
0.002 0.002 0.002 0.002 0.004 0.006 0.015 0.06 0.175 0.306 0.437 0.603 0.757 0.859 0.871 0.892 0.888 0.906 0.877 0.821 0.707 0.511 0.299 0.143 0.04 0.002 0.002 0.002 
0.002 0.002 0.002 0.002 0.004 0.01 0.044 0.112 0.256 0.407 0.615 0.732 0.817 0.84 0.811 0.786 0.757 0.796 0.821 0.854 0.759 0.651 0.43 0.198 0.071 0.002 0.002 0.002 
0.002 0.002 0.002 0.002 0.004 0.023 0.089 0.227 0.364 0.57 0.74 0.813 0.809 0.746 0.669 0.605 0.574 0.595 0.694 0.805 0.809 0.703 0.536 0.304 0.081 0.002 0.002 0.002 
0.002 0.002 0.002 0.002 0.004 0.058 0.154 0.32 0.509 0.705 0.817 0.821 0.732 0.624 0.507 0.389 0.347 0.412 0.53 0.694 0.807 0.765 0.63 0.389 0.108 0.002 0.002 0.002 
0.002 0.002 0.002 0.002 0.01 0.1 0.258 0.443 0.642 0.794 0.807 0.73 0.607 0.449 0.335 0.225 0.187 0.237 0.412 0.611 0.784 0.8 0.674 0.424 0.15 0.006 0.004 0.002 
0.002 0.002 0.002 0.002 0.017 0.179 0.364 0.563 0.765 0.827 0.755 0.613 0.441 0.283 0.143 0.083 0.083 0.166 0.308 0.545 0.753 0.796 0.701 0.462 0.17 0.008 0.004 0.002 
0.002 0.002 0.004 0.002 0.04 0.237 0.455 0.674 0.819 0.811 0.672 0.499 0.287 0.154 0.069 0.042 0.046 0.133 0.293 0.499 0.738 0.802 0.684 0.474 0.191 0.006 0.004 0.002 
0.002 0.002 0.002 0.002 0.062 0.328 0.572 0.771 0.83 0.751 0.561 0.356 0.173 0.071 0.029 0.019 0.042 0.158 0.31 0.534 0.734 0.775 0.674 0.459 0.187 0.004 0.002 0.002 
0.002 0.002 0.002 0.004 0.083 0.397 0.642 0.811 0.815 0.699 0.457 0.243 0.094 0.035 0.006 0.017 0.062 0.198 0.385 0.59 0.748 0.755 0.624 0.42 0.17 0.004 0.002 0.002 
0.002 0.002 0.002 0.004 0.119 0.445 0.699 0.844 0.809 0.624 0.366 0.148 0.069 0.019 0.012 0.054 0.135 0.293 0.499 0.657 0.761 0.715 0.563 0.349 0.139 0.004 0.002 0.002 
0.002 0.002 0.002 0.002 0.158 0.48 0.73 0.844 0.792 0.593 0.337 0.141 0.073 0.04 0.064 0.123 0.258 0.47 0.622 0.74 0.771 0.644 0.459 0.274 0.102 0.002 0.002 0.002 
0.002 0.002 0.002 0.004 0.168 0.48 0.73 0.852 0.805 0.58 0.356 0.202 0.143 0.133 0.183 0.304 0.478 0.63 0.721 0.784 0.696 0.536 0.364 0.185 0.073 0.004 0.002 0.002 
0.002 0.002 0.002 0.006 0.156 0.435 0.701 0.846 0.807 0.696 0.526 0.358 0.318 0.333 0.41 0.549 0.659 0.761 0.807 0.74 0.601 0.407 0.249 0.1 0.035 0.004 0.002 0.002 
0.002 0.002 0.002 0.006 0.125 0.374 0.611 0.809 0.867 0.827 0.763 0.657 0.63 0.647 0.694 0.759 0.811 0.838 0.775 0.595 0.422 0.295 0.133 0.052 0.012 0.004 0.004 0.002 
0.002 0.002 0.002 0.004 0.085 0.266 0.507 0.717 0.852 0.902 0.904 0.898 0.859 0.836 0.848 0.877 0.863 0.763 0.597 0.432 0.277 0.133 0.064 0.019 0.006 0.004 0.004 0.002 
0.002 0.002 0.002 0.004 0.048 0.17 0.341 0.547 0.707 0.832 0.9 0.921 0.919 0.902 0.873 0.819 0.674 0.534 0.368 0.233 0.139 0.067 0.021 0.006 0.002 0.004 0.004 0.002 
0.002 0.002 0.002 0.002 0.008 0.062 0.15 0.289 0.459 0.611 0.734 0.771 0.769 0.74 0.659 0.534 0.397 0.245 0.15 0.087 0.035 0.017 0.008 0.004 0.002 0.002 0.002 0.002 
0.002 0.002 0.002 0.002 0.006 0.006 0.019 0.033 0.071 0.123 0.158 0.193 0.204 0.191 0.173 0.141 0.087 0.054 0.029 0.015 0.006 0.006 0.004 0.002 0.002 0.002 0.002 0.002 
0.002 0.002 0.002 0.002 0.002 0.002 0.002 0.002 0.002 0.004 0.006 0.008 0.008 0.008 0.006 0.006 0.002 0.002 0.002 0.002 0.002 0.002 0.002 0.002 0.002 0.002 0.002 0.002 
0.002 0.002 0.002 0.002 0.002 0.002 0.002 0.002 0.002 0.002 0.002 0.002 0.002 0.002 0.002 0.002 0.002 0.002 0.002 0.002 0.002 0.002 0.002 0.002 0.002 0.002 0.002 0.002 
0.002 0.002 0.002 0.002 0.002 0.002 0.002 0.002 0.002 0.002 0.002 0.002 0.002 0.002 0.002 0.002 0.002 0.002 0.002 0.002 0.002 0.002 0.002 0.002 0.002 0.002 0.002 0.002 
0.002 0.002 0.002 0.002 0.002 0.002 0.002 0.002 0.002 0.002 0.002 0.002 0.002 0.002 0.002 0.002 0.002 0.002 0.002 0.002 0.002 0.002 0.002 0.002 0.002 0.002 0.002 0.002 
0.002 0.002 0.002 0.002 0.002 0.002 0.002 0.002 0.002 0.002 0.002 0.002 0.002 0.002 0.002 0.002 0.002 0.002 0.002 0.002 0.002 0.002 0.002 0.002 0.002 0.002 0.002 0.002 
0.002 0.002 0.002 0.002 0.002 0.002 0.002 0.002 0.002 0.002 0.002 0.002 0.002 0.002 0.002 0.002 0.002 0.002 0.002 0.002 0.002 0.002 0.002 0.002 0.002 0.002 0.002 0.002 
0.002 0.002 0.002 0.002 0.002 0.002 0.002 0.002 0.002 0.002 0.002 0.004 0.004 0.014 0.012 0.019 0.012 0.011 0.011 0.007 0.005 0.005 0.002 0.002 0.002 0.002 0.002 0.002 
0.002 0.002 0.002 0.002 0.004 0.002 0.002 0.004 0.004 0.005 0.018 0.041 0.09 0.175 0.23 0.25 0.228 0.248 0.25 0.212 0.14 0.065 0.027 0.005 0.004 0.002 0.002 0.002 
0.002 0.002 0.004 0.004 0.002 0.002 0.005 0.007 0.007 0.009 0.03 0.071 0.145 0.288 0.384 0.444 0.471 0.467 0.444 0.37 0.218 0.11 0.042 0.011 0.005 0.002 0.004 0.002 
0.002 0.002 0.002 0.002 0.002 0.002 0.005 0.007 0.011 0.011 0.037 0.076 0.161 0.313 0.464 0.527 0.573 0.549 0.488 0.386 0.219 0.104 0.034 0.009 0.005 0.002 0.002 0.002 
0.002 0.002 0.002 0.004 0.004 0.004 0.007 0.009 0.011 0.012 0.03 0.074 0.173 0.342 0.513 0.623 0.655 0.595 0.494 0.35 0.175 0.067 0.021 0.007 0.002 0.002 0.002 0.002 
0.002 0.002 0.002 0.004 0.004 0.002 0.004 0.007 0.011 0.012 0.025 0.076 0.184 0.363 0.577 0.724 0.74 0.591 0.474 0.278 0.104 0.037 0.014 0.002 0.002 0.002 0.002 0.002 
0.002 0.004 0.002 0.004 0.002 0.002 0.004 0.005 0.009 0.014 0.023 0.073 0.182 0.404 0.665 0.841 0.765 0.577 0.395 0.207 0.058 0.011 0.004 0.002 0.002 0.002 0.002 0.002 
0.002 0.004 0.002 0.002 0.002 0.002 0.004 0.004 0.009 0.016 0.019 0.064 0.189 0.465 0.798 0.924 0.777 0.531 0.312 0.115 0.023 0.005 0.002 0.002 0.002 0.004 0.002 0.002 
0.002 0.002 0.002 0.002 0.002 0.002 0.004 0.009 0.011 0.012 0.019 0.044 0.202 0.582 0.91 0.952 0.763 0.465 0.202 0.039 0.005 0.004 0.002 0.002 0.002 0.004 0.002 0.002 
0.002 0.002 0.002 0.002 0.002 0.002 0.007 0.007 0.009 0.012 0.014 0.037 0.244 0.733 0.979 0.965 0.747 0.368 0.101 0.016 0.002 0.004 0.002 0.002 0.002 0.002 0.002 0.002 
0.002 0.002 0.002 0.002 0.002 0.004 0.005 0.005 0.007 0.011 0.011 0.05 0.361 0.892 0.989 0.966 0.687 0.235 0.042 0.004 0.002 0.002 0.002 0.002 0.002 0.002 0.002 0.002 
0.002 0.002 0.002 0.002 0.002 0.005 0.004 0.002 0.004 0.007 0.019 0.106 0.517 0.954 0.995 0.943 0.506 0.113 0.016 0.004 0.004 0.004 0.002 0.002 0.002 0.004 0.004 0.002 
0.002 0.002 0.002 0.002 0.002 0.002 0.002 0.005 0.005 0.007 0.03 0.216 0.658 0.959 0.995 0.892 0.365 0.064 0.012 0.004 0.004 0.004 0.002 0.002 0.002 0.002 0.002 0.002 
0.002 0.002 0.002 0.002 0.004 0.004 0.005 0.005 0.005 0.014 0.094 0.356 0.719 0.959 0.977 0.773 0.255 0.042 0.009 0.009 0.002 0.002 0.002 0.002 0.002 0.002 0.002 0.002 
0.002 0.002 0.002 0.002 0.004 0.005 0.005 0.005 0.012 0.051 0.221 0.467 0.745 0.95 0.904 0.565 0.212 0.039 0.014 0.012 0.004 0.002 0.002 0.002 0.002 0.002 0.004 0.002 
0.002 0.002 0.002 0.002 0.002 0.002 0.005 0.009 0.028 0.122 0.32 0.543 0.768 0.912 0.798 0.442 0.205 0.057 0.021 0.018 0.011 0.007 0.004 0.004 0.004 0.002 0.004 0.005 
0.002 0.002 0.002 0.002 0.002 0.004 0.004 0.018 0.078 0.23 0.404 0.593 0.752 0.83 0.65 0.402 0.205 0.053 0.03 0.019 0.016 0.011 0.005 0.005 0.005 0.004 0.002 0.005 
0.002 0.002 0.002 0.004 0.004 0.005 0.018 0.055 0.158 0.315 0.469 0.6 0.715 0.713 0.55 0.372 0.219 0.067 0.032 0.021 0.014 0.014 0.007 0.005 0.007 0.007 0.002 0.002 
0.002 0.002 0.002 0.004 0.004 0.005 0.032 0.087 0.221 0.375 0.496 0.598 0.653 0.618 0.474 0.35 0.228 0.092 0.037 0.016 0.014 0.009 0.005 0.004 0.005 0.004 0.004 0.002 
0.002 0.002 0.002 0.004 0.004 0.011 0.034 0.124 0.267 0.4 0.499 0.545 0.565 0.526 0.455 0.34 0.216 0.094 0.041 0.016 0.011 0.005 0.004 0.004 0.004 0.004 0.002 0.002 
0.002 0.002 0.002 0.002 0.004 0.014 0.034 0.11 0.244 0.375 0.444 0.437 0.439 0.432 0.402 0.288 0.184 0.088 0.034 0.014 0.009 0.004 0.002 0.002 0.002 0.002 0.002 0.002 
0.002 0.002 0.002 0.002 0.002 0.005 0.012 0.032 0.073 0.115 0.143 0.142 0.135 0.138 0.133 0.096 0.053 0.028 0.011 0.005 0.004 0.002 0.002 0.002 0.002 0.002 0.002 0.002 
0.002 0.002 0.002 0.002 0.002 0.002 0.002 0.002 0.004 0.007 0.007 0.005 0.004 0.007 0.007 0.004 0.002 0.002 0.002 0.002 0.002 0.002 0.002 0.002 0.002 0.002 0.002 0.002 
0.002 0.002 0.002 0.002 0.002 0.002 0.002 0.002 0.002 0.002 0.002 0.002 0.002 0.002 0.002 0.002 0.002 0.002 0.002 0.002 0.002 0.002 0.002 0.002 0.002 0.002 0.002 0.002 
0.002 0.002 0.002 0.002 0.002 0.002 0.002 0.002 0.002 0.002 0.002 0.002 0.002 0.002 0.002 0.002 0.002 0.002 0.002 0.002 0.002 0.002 0.002 0.002 0.002 0.002 0.002 0.002 
0.002 0.002 0.002 0.002 0.002 0.002 0.002 0.002 0.002 0.002 0.002 0.002 0.002 0.002 0.002 0.002 0.002 0.002 0.002 0.002 0.002 0.002 0.002 0.002 0.002 0.002 0.002 0.002 
0.002 0.002 0.002 0.002 0.002 0.002 0.002 0.002 0.002 0.002 0.002 0.002 0.002 0.002 0.002 0.006 0.006 0.004 0.002 0.002 0.002 0.002 0.002 0.002 0.002 0.002 0.002 0.002 
0.002 0.002 0.002 0.002 0.002 0.002 0.002 0.004 0.004 0.006 0.008 0.01 0.022 0.024 0.024 0.024 0.02 0.022 0.012 0.008 0.002 0.002 0.002 0.004 0.004 0.002 0.002 0.002 
0.002 0.002 0.002 0.002 0.002 0.004 0.012 0.024 0.043 0.078 0.11 0.163 0.206 0.241 0.263 0.278 0.227 0.18 0.124 0.08 0.041 0.02 0.008 0.004 0.004 0.002 0.002 0.002 
0.002 0.002 0.002 0.002 0.002 0.018 0.041 0.065 0.124 0.216 0.288 0.386 0.482 0.555 0.592 0.59 0.557 0.476 0.349 0.231 0.137 0.086 0.033 0.004 0.004 0.004 0.002 0.002 
0.002 0.002 0.002 0.002 0.008 0.037 0.071 0.137 0.237 0.337 0.457 0.569 0.659 0.735 0.763 0.78 0.737 0.678 0.551 0.4 0.273 0.163 0.078 0.02 0.004 0.004 0.002 0.002 
0.002 0.002 0.002 0.004 0.012 0.047 0.096 0.182 0.308 0.437 0.551 0.643 0.7 0.735 0.765 0.767 0.771 0.749 0.661 0.52 0.353 0.241 0.12 0.033 0.004 0.002 0.002 0.002 
0.002 0.002 0.004 0.006 0.027 0.067 0.127 0.208 0.327 0.439 0.543 0.604 0.637 0.629 0.594 0.631 0.663 0.712 0.653 0.555 0.433 0.269 0.155 0.053 0.004 0.002 0.002 0.002 
0.002 0.002 0.004 0.006 0.029 0.073 0.11 0.2 0.28 0.371 0.427 0.439 0.435 0.433 0.427 0.463 0.539 0.637 0.649 0.594 0.469 0.308 0.169 0.055 0.002 0.002 0.002 0.002 
0.002 0.002 0.004 0.006 0.029 0.069 0.11 0.157 0.196 0.251 0.296 0.304 0.306 0.284 0.296 0.363 0.486 0.6 0.637 0.592 0.473 0.296 0.176 0.055 0.008 0.002 0.002 0.002 
0.002 0.002 0.002 0.002 0.014 0.043 0.078 0.096 0.131 0.161 0.169 0.176 0.161 0.141 0.227 0.322 0.467 0.594 0.627 0.582 0.473 0.284 0.165 0.051 0.008 0.004 0.002 0.002 
0.002 0.002 0.002 0.002 0.016 0.033 0.039 0.055 0.065 0.08 0.094 0.098 0.104 0.127 0.224 0.353 0.5 0.606 0.647 0.567 0.441 0.269 0.141 0.035 0.014 0.008 0.002 0.002 
0.002 0.002 0.002 0.004 0.008 0.016 0.027 0.037 0.051 0.065 0.086 0.086 0.112 0.192 0.3 0.427 0.561 0.647 0.639 0.541 0.39 0.229 0.116 0.035 0.018 0.012 0.004 0.002 
0.002 0.002 0.002 0.004 0.006 0.018 0.029 0.051 0.082 0.108 0.135 0.194 0.247 0.329 0.433 0.549 0.653 0.688 0.624 0.504 0.327 0.188 0.09 0.041 0.022 0.01 0.004 0.002 
0.002 0.002 0.002 0.004 0.016 0.035 0.059 0.12 0.206 0.292 0.335 0.414 0.502 0.588 0.635 0.704 0.718 0.692 0.58 0.455 0.273 0.171 0.086 0.057 0.035 0.008 0.004 0.002 
0.002 0.002 0.002 0.006 0.022 0.086 0.167 0.29 0.392 0.467 0.547 0.635 0.714 0.78 0.788 0.784 0.737 0.673 0.557 0.422 0.296 0.19 0.129 0.088 0.057 0.02 0.008 0.002 
0.002 0.002 0.002 0.018 0.059 0.169 0.298 0.435 0.543 0.627 0.684 0.778 0.833 0.847 0.851 0.806 0.747 0.657 0.553 0.447 0.329 0.255 0.206 0.143 0.098 0.045 0.01 0.002 
0.002 0.002 0.002 0.029 0.114 0.269 0.431 0.547 0.622 0.676 0.735 0.767 0.81 0.841 0.82 0.782 0.749 0.663 0.614 0.502 0.422 0.365 0.294 0.212 0.153 0.069 0.014 0.004 
0.002 0.002 0.002 0.049 0.157 0.339 0.502 0.614 0.673 0.716 0.739 0.759 0.812 0.818 0.792 0.767 0.714 0.676 0.61 0.569 0.494 0.41 0.359 0.276 0.173 0.069 0.012 0.004 
0.002 0.002 0.004 0.055 0.2 0.369 0.549 0.641 0.696 0.753 0.773 0.827 0.814 0.8 0.786 0.7 0.665 0.618 0.598 0.563 0.508 0.459 0.351 0.251 0.169 0.057 0.008 0.002 
0.002 0.002 0.004 0.059 0.196 0.367 0.529 0.645 0.745 0.786 0.82 0.831 0.802 0.739 0.649 0.584 0.565 0.559 0.541 0.529 0.5 0.404 0.316 0.229 0.135 0.045 0.006 0.002 
0.002 0.002 0.004 0.045 0.157 0.3 0.445 0.576 0.657 0.743 0.753 0.724 0.653 0.576 0.476 0.412 0.394 0.406 0.406 0.422 0.384 0.327 0.227 0.153 0.086 0.029 0.006 0.002 
0.002 0.002 0.002 0.018 0.073 0.188 0.294 0.422 0.498 0.557 0.563 0.524 0.445 0.359 0.294 0.259 0.241 0.251 0.257 0.243 0.227 0.188 0.133 0.076 0.049 0.018 0.006 0.002 
0.002 0.002 0.002 0.008 0.029 0.065 0.112 0.157 0.186 0.208 0.212 0.198 0.169 0.131 0.104 0.104 0.106 0.106 0.11 0.09 0.082 0.063 0.045 0.024 0.01 0.006 0.004 0.002 
0.002 0.002 0.002 0.004 0.008 0.01 0.022 0.029 0.024 0.022 0.029 0.027 0.027 0.024 0.024 0.024 0.024 0.02 0.018 0.022 0.018 0.014 0.01 0.008 0.002 0.002 0.002 0.002 
0.002 0.002 0.002 0.002 0.002 0.002 0.002 0.002 0.002 0.002 0.002 0.002 0.002 0.002 0.002 0.002 0.002 0.004 0.004 0.004 0.004 0.002 0.002 0.002 0.002 0.002 0.002 0.002 
0.002 0.002 0.002 0.002 0.002 0.002 0.002 0.002 0.002 0.002 0.002 0.002 0.002 0.002 0.002 0.002 0.002 0.002 0.002 0.002 0.002 0.002 0.002 0.002 0.002 0.002 0.002 0.002 
0.002 0.002 0.002 0.002 0.002 0.002 0.002 0.002 0.002 0.002 0.002 0.002 0.002 0.002 0.002 0.002 0.002 0.002 0.002 0.002 0.002 0.002 0.002 0.002 0.002 0.002 0.002 0.002 
0.002 0.002 0.002 0.002 0.002 0.002 0.002 0.002 0.002 0.002 0.002 0.002 0.002 0.002 0.002 0.002 0.002 0.002 0.002 0.002 0.002 0.002 0.002 0.002 0.002 0.002 0.002 0.002 
0.002 0.002 0.002 0.002 0.002 0.002 0.002 0.002 0.002 0.002 0.002 0.002 0.002 0.002 0.002 0.002 0.002 0.002 0.002 0.002 0.002 0.002 0.002 0.002 0.002 0.002 0.002 0.002 
0.002 0.002 0.002 0.002 0.002 0.002 0.002 0.002 0.002 0.002 0.002 0.002 0.002 0.002 0.002 0.002 0.002 0.002 0.002 0.002 0.002 0.002 0.002 0.002 0.002 0.002 0.002 0.002 
0.002 0.002 0.002 0.002 0.002 0.004 0.004 0.004 0.006 0.01 0.012 0.022 0.028 0.034 0.034 0.034 0.032 0.028 0.016 0.014 0.006 0.004 0.002 0.002 0.002 0.002 0.002 0.002 
0.002 0.002 0.002 0.004 0.006 0.016 0.024 0.057 0.085 0.127 0.212 0.287 0.349 0.392 0.412 0.406 0.36 0.299 0.22 0.154 0.073 0.034 0.01 0.006 0.002 0.002 0.002 0.002 
0.002 0.002 0.002 0.01 0.026 0.057 0.089 0.16 0.255 0.376 0.517 0.626 0.703 0.76 0.786 0.776 0.721 0.61 0.493 0.378 0.234 0.121 0.044 0.012 0.002 0.002 0.002 0.002 
0.002 0.002 0.002 0.022 0.046 0.087 0.186 0.281 0.408 0.539 0.703 0.784 0.836 0.881 0.901 0.903 0.891 0.794 0.651 0.521 0.37 0.21 0.107 0.026 0.002 0.002 0.002 0.002 
0.002 0.004 0.002 0.024 0.061 0.111 0.206 0.303 0.446 0.56 0.634 0.699 0.715 0.723 0.762 0.804 0.79 0.798 0.733 0.62 0.451 0.255 0.125 0.048 0.002 0.002 0.002 0.002 
0.002 0.002 0.002 0.028 0.067 0.101 0.176 0.242 0.337 0.41 0.448 0.44 0.434 0.436 0.473 0.584 0.679 0.719 0.703 0.626 0.459 0.253 0.121 0.046 0.002 0.002 0.002 0.002 
0.002 0.002 0.004 0.018 0.038 0.075 0.133 0.164 0.206 0.232 0.246 0.251 0.285 0.323 0.402 0.539 0.679 0.758 0.721 0.584 0.412 0.224 0.095 0.03 0.002 0.002 0.002 0.002 
0.002 0.002 0.004 0.008 0.016 0.04 0.067 0.079 0.111 0.143 0.176 0.21 0.285 0.39 0.523 0.675 0.798 0.786 0.683 0.493 0.321 0.154 0.069 0.02 0.002 0.002 0.002 0.002 
0.002 0.002 0.002 0.004 0.01 0.018 0.032 0.048 0.085 0.152 0.24 0.362 0.499 0.626 0.764 0.838 0.867 0.77 0.588 0.386 0.228 0.093 0.028 0.01 0.002 0.002 0.002 0.002 
0.002 0.002 0.002 0.002 0.006 0.01 0.022 0.046 0.115 0.226 0.376 0.562 0.721 0.808 0.889 0.901 0.855 0.719 0.519 0.317 0.166 0.059 0.022 0.008 0.002 0.002 0.002 0.002 
0.002 0.002 0.002 0.004 0.006 0.008 0.022 0.077 0.166 0.317 0.519 0.707 0.816 0.887 0.899 0.885 0.834 0.764 0.547 0.356 0.178 0.077 0.02 0.006 0.002 0.002 0.002 0.002 
0.002 0.002 0.002 0.002 0.008 0.012 0.03 0.075 0.186 0.349 0.503 0.671 0.747 0.788 0.794 0.81 0.798 0.776 0.644 0.444 0.273 0.117 0.053 0.01 0.004 0.002 0.002 0.002 
0.002 0.002 0.002 0.004 0.008 0.016 0.032 0.071 0.154 0.269 0.382 0.487 0.535 0.558 0.578 0.612 0.713 0.754 0.721 0.592 0.354 0.192 0.069 0.024 0.004 0.002 0.004 0.002 
0.002 0.002 0.008 0.016 0.022 0.046 0.046 0.069 0.103 0.158 0.22 0.232 0.253 0.273 0.321 0.402 0.56 0.711 0.745 0.646 0.43 0.251 0.103 0.03 0.004 0.002 0.002 0.002 
0.002 0.002 0.01 0.036 0.075 0.097 0.095 0.095 0.105 0.103 0.087 0.093 0.101 0.115 0.182 0.335 0.491 0.642 0.735 0.675 0.457 0.261 0.135 0.044 0.004 0.002 0.002 0.002 
0.002 0.002 0.01 0.055 0.133 0.176 0.212 0.212 0.166 0.109 0.089 0.077 0.069 0.101 0.182 0.331 0.513 0.622 0.703 0.661 0.448 0.273 0.149 0.044 0.004 0.002 0.002 0.002 
0.002 0.002 0.016 0.079 0.208 0.283 0.356 0.352 0.285 0.202 0.156 0.125 0.135 0.196 0.299 0.459 0.606 0.691 0.709 0.614 0.43 0.255 0.135 0.038 0.004 0.002 0.002 0.002 
0.002 0.002 0.018 0.103 0.23 0.362 0.465 0.503 0.491 0.422 0.376 0.352 0.376 0.463 0.58 0.677 0.754 0.768 0.687 0.517 0.376 0.222 0.109 0.034 0.004 0.002 0.002 0.002 
0.002 0.002 0.018 0.083 0.21 0.333 0.515 0.6 0.655 0.661 0.671 0.655 0.679 0.725 0.788 0.836 0.814 0.739 0.572 0.42 0.287 0.164 0.065 0.018 0.002 0.002 0.002 0.002 
0.002 0.002 0.014 0.059 0.145 0.271 0.438 0.568 0.687 0.76 0.812 0.851 0.879 0.883 0.879 0.834 0.725 0.578 0.41 0.285 0.162 0.085 0.036 0.008 0.002 0.002 0.002 0.002 
0.002 0.002 0.006 0.034 0.093 0.156 0.291 0.424 0.568 0.705 0.77 0.816 0.832 0.82 0.737 0.618 0.499 0.349 0.222 0.143 0.067 0.026 0.008 0.004 0.002 0.002 0.002 0.002 
0.002 0.002 0.002 0.014 0.036 0.065 0.107 0.182 0.228 0.277 0.325 0.364 0.38 0.356 0.291 0.242 0.162 0.103 0.053 0.026 0.016 0.01 0.006 0.004 0.002 0.002 0.002 0.002 
0.002 0.002 0.002 0.004 0.008 0.008 0.02 0.034 0.042 0.051 0.046 0.057 0.055 0.057 0.04 0.02 0.014 0.01 0.012 0.006 0.006 0.004 0.004 0.002 0.002 0.002 0.002 0.002 
0.002 0.002 0.002 0.002 0.002 0.002 0.002 0.002 0.002 0.002 0.004 0.004 0.006 0.006 0.006 0.006 0.004 0.004 0.004 0.004 0.004 0.004 0.002 0.002 0.002 0.002 0.002 0.002 
0.002 0.002 0.002 0.002 0.002 0.002 0.002 0.002 0.002 0.002 0.002 0.002 0.002 0.002 0.002 0.002 0.002 0.002 0.002 0.002 0.002 0.002 0.002 0.002 0.002 0.002 0.002 0.002 
0.002 0.002 0.002 0.002 0.002 0.002 0.002 0.002 0.002 0.002 0.002 0.002 0.002 0.002 0.002 0.002 0.002 0.002 0.002 0.002 0.002 0.002 0.002 0.002 0.002 0.002 0.002 0.002 
0.002 0.002 0.002 0.002 0.002 0.002 0.002 0.002 0.002 0.002 0.002 0.002 0.002 0.002 0.002 0.002 0.002 0.002 0.002 0.002 0.002 0.002 0.002 0.002 0.002 0.002 0.002 0.002 
0.002 0.002 0.002 0.002 0.002 0.002 0.002 0.002 0.002 0.002 0.002 0.002 0.002 0.002 0.002 0.004 0.004 0.004 0.002 0.002 0.002 0.002 0.002 0.002 0.002 0.002 0.002 0.002 
0.002 0.002 0.002 0.002 0.002 0.002 0.002 0.002 0.002 0.002 0.002 0.004 0.004 0.004 0.004 0.006 0.006 0.006 0.006 0.006 0.011 0.009 0.007 0.002 0.002 0.002 0.002 0.002 
0.002 0.002 0.002 0.002 0.006 0.007 0.007 0.015 0.02 0.022 0.024 0.024 0.032 0.028 0.022 0.03 0.037 0.058 0.065 0.078 0.089 0.058 0.048 0.022 0.013 0.002 0.002 0.002 
0.002 0.002 0.002 0.002 0.007 0.015 0.035 0.056 0.073 0.102 0.127 0.13 0.136 0.119 0.089 0.084 0.136 0.169 0.222 0.244 0.25 0.196 0.173 0.117 0.073 0.009 0.002 0.002 
0.002 0.002 0.002 0.006 0.015 0.035 0.06 0.093 0.149 0.205 0.242 0.268 0.274 0.218 0.155 0.145 0.196 0.272 0.354 0.4 0.389 0.32 0.253 0.164 0.093 0.024 0.004 0.002 
0.002 0.002 0.002 0.007 0.026 0.045 0.089 0.14 0.225 0.322 0.384 0.399 0.382 0.3 0.212 0.19 0.255 0.354 0.454 0.508 0.449 0.38 0.27 0.147 0.082 0.026 0.007 0.002 
0.002 0.002 0.002 0.009 0.028 0.06 0.106 0.19 0.283 0.402 0.488 0.495 0.46 0.335 0.222 0.205 0.287 0.419 0.547 0.574 0.507 0.395 0.236 0.145 0.058 0.015 0.006 0.002 
0.002 0.002 0.002 0.011 0.034 0.069 0.127 0.231 0.356 0.495 0.562 0.559 0.484 0.32 0.207 0.199 0.318 0.512 0.622 0.642 0.529 0.348 0.207 0.106 0.028 0.015 0.004 0.002 
0.002 0.002 0.002 0.011 0.032 0.078 0.16 0.279 0.453 0.594 0.665 0.594 0.438 0.257 0.132 0.194 0.376 0.594 0.706 0.68 0.507 0.296 0.158 0.061 0.015 0.006 0.002 0.002 
0.002 0.002 0.004 0.015 0.043 0.089 0.19 0.395 0.562 0.717 0.709 0.544 0.378 0.181 0.115 0.223 0.477 0.693 0.782 0.672 0.469 0.24 0.117 0.041 0.013 0.002 0.002 0.002 
0.002 0.004 0.004 0.013 0.047 0.119 0.255 0.484 0.661 0.788 0.702 0.501 0.302 0.166 0.175 0.3 0.603 0.786 0.823 0.659 0.428 0.203 0.097 0.039 0.017 0.004 0.002 0.002 
0.002 0.004 0.004 0.011 0.048 0.143 0.35 0.577 0.764 0.851 0.721 0.538 0.341 0.307 0.333 0.501 0.758 0.873 0.849 0.661 0.434 0.231 0.123 0.061 0.026 0.004 0.002 0.002 
0.002 0.004 0.004 0.017 0.058 0.203 0.436 0.644 0.804 0.87 0.827 0.704 0.596 0.566 0.572 0.724 0.894 0.927 0.849 0.655 0.449 0.261 0.168 0.074 0.034 0.004 0.002 0.002 
0.002 0.002 0.004 0.017 0.056 0.222 0.46 0.67 0.791 0.851 0.868 0.851 0.819 0.803 0.829 0.873 0.94 0.939 0.819 0.635 0.4 0.25 0.151 0.065 0.024 0.004 0.004 0.002 
0.002 0.002 0.002 0.013 0.056 0.21 0.421 0.585 0.708 0.775 0.808 0.819 0.799 0.814 0.844 0.894 0.946 0.903 0.758 0.542 0.326 0.199 0.102 0.05 0.022 0.004 0.004 0.002 
0.002 0.002 0.002 0.004 0.026 0.149 0.277 0.404 0.493 0.54 0.553 0.581 0.579 0.644 0.724 0.814 0.864 0.784 0.598 0.387 0.238 0.138 0.06 0.026 0.017 0.006 0.004 0.002 
0.002 0.002 0.002 0.002 0.013 0.073 0.136 0.207 0.242 0.266 0.283 0.305 0.374 0.492 0.615 0.732 0.724 0.629 0.399 0.27 0.155 0.088 0.039 0.013 0.004 0.002 0.004 0.002 
0.002 0.002 0.002 0.002 0.004 0.028 0.063 0.071 0.076 0.089 0.106 0.158 0.294 0.421 0.553 0.628 0.62 0.51 0.335 0.225 0.125 0.071 0.032 0.009 0.004 0.002 0.002 0.002 
0.002 0.002 0.002 0.002 0.004 0.011 0.022 0.028 0.039 0.05 0.084 0.182 0.289 0.428 0.52 0.54 0.54 0.428 0.3 0.21 0.123 0.071 0.035 0.011 0.004 0.002 0.002 0.002 
0.002 0.002 0.002 0.002 0.002 0.002 0.006 0.011 0.024 0.043 0.108 0.205 0.318 0.417 0.46 0.464 0.473 0.365 0.272 0.216 0.128 0.076 0.039 0.017 0.006 0.004 0.002 0.002 
0.002 0.002 0.002 0.002 0.002 0.004 0.004 0.017 0.026 0.067 0.149 0.233 0.335 0.397 0.413 0.413 0.404 0.352 0.266 0.216 0.125 0.074 0.041 0.019 0.007 0.004 0.002 0.002 
0.002 0.002 0.002 0.002 0.002 0.004 0.009 0.015 0.039 0.095 0.158 0.238 0.311 0.367 0.358 0.369 0.345 0.324 0.253 0.186 0.125 0.071 0.034 0.017 0.007 0.002 0.002 0.002 
0.002 0.002 0.002 0.002 0.002 0.002 0.007 0.011 0.032 0.084 0.128 0.179 0.214 0.231 0.251 0.24 0.229 0.212 0.166 0.117 0.073 0.035 0.02 0.013 0.006 0.002 0.002 0.002 
0.002 0.002 0.002 0.002 0.002 0.002 0.002 0.006 0.011 0.032 0.035 0.034 0.039 0.06 0.084 0.086 0.071 0.047 0.028 0.022 0.019 0.009 0.006 0.006 0.004 0.002 0.002 0.002 
0.002 0.002 0.002 0.002 0.002 0.002 0.002 0.002 0.004 0.004 0.002 0.002 0.002 0.004 0.002 0.004 0.006 0.006 0.006 0.004 0.002 0.002 0.002 0.002 0.002 0.002 0.002 0.002 
0.002 0.002 0.002 0.002 0.002 0.002 0.002 0.002 0.002 0.002 0.002 0.002 0.002 0.002 0.002 0.002 0.002 0.002 0.002 0.002 0.002 0.002 0.002 0.002 0.002 0.002 0.002 0.002 
0.002 0.002 0.002 0.002 0.002 0.002 0.002 0.002 0.002 0.002 0.002 0.002 0.002 0.002 0.002 0.002 0.002 0.002 0.002 0.002 0.002 0.002 0.002 0.002 0.002 0.002 0.002 0.002 
0.002 0.002 0.002 0.002 0.002 0.002 0.002 0.002 0.002 0.002 0.002 0.002 0.002 0.002 0.002 0.002 0.002 0.002 0.002 0.002 0.002 0.002 0.002 0.002 0.002 0.002 0.002 0.002 
0.002 0.002 0.002 0.002 0.002 0.002 0.002 0.002 0.002 0.002 0.002 0.002 0.002 0.002 0.002 0.002 0.002 0.002 0.002 0.002 0.002 0.002 0.002 0.002 0.002 0.002 0.002 0.002 
0.002 0.002 0.002 0.002 0.002 0.002 0.002 0.002 0.002 0.002 0.002 0.007 0.011 0.016 0.021 0.025 0.023 0.016 0.011 0.016 0.016 0.018 0.018 0.014 0.009 0.002 0.002 0.002 
0.002 0.002 0.002 0.002 0.002 0.002 0.002 0.005 0.016 0.03 0.046 0.076 0.089 0.126 0.142 0.172 0.183 0.195 0.193 0.181 0.172 0.158 0.126 0.106 0.055 0.011 0.002 0.002 
0.002 0.002 0.002 0.002 0.002 0.002 0.011 0.039 0.067 0.101 0.149 0.22 0.287 0.344 0.394 0.429 0.45 0.459 0.445 0.44 0.397 0.339 0.278 0.213 0.144 0.048 0.009 0.002 
0.002 0.002 0.002 0.002 0.002 0.007 0.03 0.06 0.119 0.181 0.273 0.374 0.427 0.516 0.569 0.599 0.61 0.594 0.592 0.578 0.546 0.475 0.381 0.337 0.259 0.131 0.023 0.005 
0.002 0.002 0.002 0.002 0.002 0.016 0.039 0.085 0.163 0.257 0.365 0.472 0.583 0.651 0.672 0.697 0.686 0.663 0.617 0.601 0.573 0.521 0.443 0.408 0.323 0.197 0.044 0.005 
0.002 0.002 0.002 0.002 0.005 0.021 0.044 0.115 0.22 0.319 0.431 0.594 0.663 0.704 0.7 0.686 0.635 0.603 0.578 0.532 0.5 0.454 0.408 0.344 0.28 0.177 0.046 0.007 
0.002 0.002 0.002 0.002 0.009 0.021 0.053 0.144 0.259 0.397 0.537 0.649 0.683 0.686 0.612 0.516 0.459 0.436 0.406 0.374 0.314 0.266 0.236 0.216 0.174 0.106 0.023 0.005 
0.002 0.002 0.002 0.002 0.009 0.018 0.064 0.17 0.326 0.491 0.667 0.725 0.745 0.679 0.557 0.452 0.351 0.3 0.259 0.195 0.167 0.124 0.087 0.069 0.064 0.037 0.007 0.002 
0.002 0.002 0.002 0.002 0.014 0.021 0.092 0.211 0.394 0.587 0.741 0.8 0.75 0.635 0.53 0.42 0.349 0.255 0.179 0.117 0.069 0.039 0.023 0.018 0.018 0.011 0.005 0.002 
0.002 0.002 0.002 0.002 0.011 0.025 0.117 0.252 0.463 0.674 0.782 0.817 0.761 0.644 0.541 0.454 0.385 0.31 0.241 0.151 0.094 0.05 0.018 0.018 0.005 0.005 0.002 0.002 
0.002 0.002 0.002 0.002 0.011 0.034 0.115 0.266 0.484 0.693 0.791 0.839 0.761 0.706 0.615 0.562 0.489 0.433 0.342 0.243 0.161 0.078 0.032 0.009 0.007 0.002 0.002 0.002 
0.002 0.002 0.002 0.002 0.009 0.034 0.112 0.261 0.44 0.624 0.709 0.741 0.718 0.674 0.635 0.587 0.571 0.516 0.447 0.333 0.229 0.131 0.048 0.021 0.009 0.002 0.002 0.002 
0.002 0.002 0.002 0.007 0.014 0.041 0.096 0.17 0.319 0.433 0.514 0.537 0.541 0.521 0.521 0.525 0.532 0.541 0.479 0.42 0.287 0.163 0.078 0.03 0.009 0.005 0.002 0.002 
0.002 0.002 0.002 0.007 0.03 0.053 0.089 0.135 0.188 0.264 0.31 0.328 0.328 0.362 0.401 0.45 0.5 0.553 0.521 0.44 0.323 0.206 0.096 0.041 0.011 0.005 0.002 0.002 
0.002 0.002 0.002 0.007 0.032 0.092 0.17 0.172 0.161 0.144 0.165 0.165 0.19 0.252 0.323 0.424 0.505 0.541 0.541 0.459 0.353 0.225 0.122 0.057 0.009 0.005 0.002 0.002 
0.002 0.002 0.005 0.005 0.044 0.158 0.282 0.307 0.227 0.174 0.135 0.128 0.154 0.243 0.342 0.436 0.546 0.567 0.567 0.454 0.346 0.222 0.124 0.062 0.009 0.005 0.002 0.002 
0.002 0.002 0.007 0.009 0.05 0.195 0.39 0.468 0.417 0.353 0.289 0.273 0.303 0.369 0.454 0.523 0.576 0.601 0.578 0.452 0.312 0.209 0.112 0.053 0.011 0.005 0.002 0.002 
0.002 0.002 0.007 0.009 0.041 0.197 0.438 0.557 0.58 0.544 0.521 0.486 0.505 0.553 0.576 0.624 0.624 0.606 0.537 0.399 0.275 0.167 0.069 0.046 0.016 0.002 0.002 0.002 
0.002 0.002 0.002 0.005 0.034 0.165 0.374 0.56 0.635 0.695 0.702 0.702 0.693 0.69 0.683 0.683 0.647 0.596 0.452 0.33 0.222 0.117 0.055 0.032 0.011 0.002 0.002 0.002 
0.002 0.002 0.002 0.002 0.016 0.085 0.257 0.411 0.546 0.672 0.745 0.748 0.734 0.734 0.713 0.654 0.594 0.468 0.358 0.218 0.126 0.067 0.037 0.021 0.007 0.002 0.002 0.002 
0.002 0.002 0.002 0.002 0.009 0.028 0.133 0.239 0.351 0.486 0.58 0.631 0.638 0.615 0.585 0.521 0.406 0.307 0.188 0.119 0.062 0.037 0.021 0.009 0.005 0.002 0.002 0.002 
0.002 0.002 0.002 0.002 0.007 0.009 0.039 0.076 0.135 0.2 0.255 0.296 0.319 0.314 0.289 0.227 0.163 0.117 0.069 0.037 0.032 0.018 0.011 0.005 0.002 0.002 0.002 0.002 
0.002 0.002 0.002 0.002 0.002 0.005 0.009 0.023 0.032 0.055 0.062 0.064 0.062 0.055 0.05 0.03 0.025 0.018 0.011 0.005 0.002 0.002 0.002 0.002 0.002 0.002 0.002 0.002 
0.002 0.002 0.002 0.002 0.002 0.002 0.005 0.005 0.007 0.007 0.009 0.009 0.011 0.009 0.005 0.005 0.005 0.005 0.005 0.002 0.002 0.002 0.002 0.002 0.002 0.002 0.002 0.002 
0.002 0.002 0.002 0.002 0.002 0.002 0.002 0.002 0.002 0.002 0.002 0.002 0.002 0.002 0.002 0.002 0.002 0.002 0.002 0.002 0.002 0.002 0.002 0.002 0.002 0.002 0.002 0.002 
0.002 0.002 0.002 0.002 0.002 0.002 0.002 0.002 0.002 0.002 0.002 0.002 0.002 0.002 0.002 0.002 0.002 0.002 0.002 0.002 0.002 0.002 0.002 0.002 0.002 0.002 0.002 0.002 
0.002 0.002 0.002 0.002 0.002 0.002 0.002 0.004 0.006 0.006 0.01 0.008 0.01 0.01 0.012 0.016 0.012 0.01 0.008 0.008 0.008 0.006 0.004 0.002 0.002 0.002 0.002 0.002 
0.002 0.002 0.002 0.002 0.004 0.002 0.004 0.008 0.01 0.016 0.034 0.044 0.058 0.105 0.151 0.209 0.268 0.27 0.221 0.151 0.085 0.04 0.016 0.004 0.002 0.002 0.002 0.002 
0.002 0.002 0.002 0.002 0.002 0.004 0.008 0.008 0.014 0.034 0.056 0.091 0.137 0.221 0.352 0.477 0.551 0.561 0.455 0.326 0.181 0.076 0.034 0.012 0.004 0.002 0.002 0.002 
0.002 0.002 0.002 0.002 0.002 0.008 0.008 0.012 0.024 0.054 0.097 0.155 0.217 0.346 0.507 0.606 0.674 0.634 0.487 0.32 0.187 0.085 0.032 0.02 0.006 0.002 0.002 0.002 
0.002 0.002 0.002 0.002 0.002 0.008 0.01 0.016 0.032 0.087 0.131 0.217 0.34 0.481 0.612 0.688 0.668 0.551 0.388 0.252 0.139 0.05 0.028 0.018 0.006 0.004 0.004 0.002 
0.002 0.002 0.004 0.002 0.002 0.004 0.014 0.026 0.06 0.109 0.189 0.308 0.455 0.604 0.702 0.686 0.579 0.396 0.258 0.137 0.058 0.032 0.016 0.01 0.006 0.004 0.004 0.004 
0.002 0.002 0.002 0.002 0.002 0.006 0.014 0.034 0.076 0.163 0.262 0.404 0.569 0.688 0.702 0.588 0.429 0.266 0.141 0.064 0.028 0.016 0.014 0.008 0.006 0.004 0.004 0.004 
0.002 0.002 0.002 0.002 0.002 0.01 0.018 0.048 0.115 0.225 0.35 0.535 0.662 0.718 0.638 0.473 0.294 0.163 0.06 0.036 0.02 0.016 0.016 0.012 0.004 0.002 0.004 0.002 
0.002 0.002 0.002 0.002 0.002 0.012 0.034 0.078 0.169 0.292 0.455 0.644 0.706 0.694 0.521 0.346 0.183 0.066 0.038 0.032 0.036 0.03 0.02 0.014 0.004 0.002 0.002 0.002 
0.002 0.002 0.002 0.002 0.002 0.01 0.056 0.101 0.225 0.392 0.575 0.72 0.722 0.614 0.417 0.227 0.115 0.074 0.083 0.101 0.099 0.072 0.052 0.03 0.012 0.004 0.002 0.002 
0.002 0.002 0.002 0.002 0.002 0.024 0.062 0.135 0.276 0.467 0.67 0.74 0.688 0.531 0.318 0.183 0.165 0.231 0.27 0.274 0.233 0.177 0.099 0.066 0.04 0.006 0.002 0.002 
0.002 0.002 0.002 0.002 0.004 0.028 0.085 0.179 0.35 0.579 0.742 0.761 0.638 0.451 0.33 0.322 0.417 0.479 0.497 0.471 0.404 0.296 0.193 0.105 0.06 0.02 0.002 0.002 
0.002 0.002 0.002 0.002 0.006 0.032 0.111 0.215 0.455 0.658 0.771 0.753 0.59 0.465 0.455 0.557 0.652 0.68 0.654 0.602 0.539 0.427 0.252 0.155 0.083 0.03 0.002 0.002 
0.002 0.002 0.002 0.002 0.006 0.042 0.137 0.284 0.529 0.726 0.791 0.716 0.567 0.557 0.66 0.775 0.821 0.775 0.7 0.64 0.592 0.487 0.314 0.173 0.08 0.028 0.002 0.002 
0.002 0.002 0.002 0.002 0.004 0.04 0.157 0.338 0.594 0.761 0.791 0.694 0.608 0.656 0.734 0.795 0.755 0.708 0.676 0.654 0.618 0.533 0.334 0.197 0.085 0.024 0.002 0.002 
0.002 0.002 0.002 0.002 0.004 0.05 0.159 0.35 0.632 0.793 0.821 0.722 0.656 0.716 0.748 0.71 0.634 0.608 0.634 0.698 0.666 0.519 0.324 0.169 0.082 0.026 0.002 0.002 
0.002 0.002 0.002 0.002 0.004 0.042 0.157 0.37 0.632 0.803 0.853 0.767 0.726 0.714 0.672 0.575 0.567 0.602 0.71 0.759 0.664 0.505 0.276 0.127 0.068 0.02 0.004 0.002 
0.002 0.002 0.002 0.002 0.004 0.024 0.125 0.34 0.588 0.811 0.885 0.855 0.825 0.734 0.662 0.64 0.686 0.763 0.801 0.757 0.612 0.368 0.207 0.097 0.05 0.012 0.004 0.002 
0.002 0.002 0.002 0.002 0.004 0.014 0.085 0.26 0.499 0.734 0.881 0.926 0.883 0.833 0.823 0.803 0.853 0.861 0.815 0.67 0.435 0.268 0.109 0.064 0.022 0.004 0.002 0.002 
0.002 0.002 0.002 0.002 0.004 0.012 0.052 0.165 0.348 0.579 0.791 0.907 0.942 0.938 0.93 0.909 0.875 0.809 0.652 0.447 0.27 0.125 0.06 0.026 0.008 0.004 0.002 0.002 
0.002 0.002 0.002 0.002 0.002 0.006 0.02 0.08 0.173 0.348 0.563 0.748 0.857 0.873 0.869 0.805 0.72 0.553 0.374 0.213 0.115 0.046 0.022 0.006 0.002 0.002 0.002 0.002 
0.002 0.002 0.002 0.002 0.002 0.002 0.006 0.03 0.046 0.101 0.195 0.28 0.352 0.39 0.374 0.334 0.27 0.185 0.113 0.062 0.022 0.01 0.004 0.002 0.002 0.002 0.002 0.002 
0.002 0.002 0.002 0.002 0.002 0.002 0.002 0.006 0.01 0.012 0.018 0.024 0.036 0.042 0.042 0.038 0.03 0.018 0.012 0.01 0.006 0.002 0.002 0.002 0.002 0.002 0.002 0.002 
0.002 0.002 0.002 0.002 0.002 0.002 0.002 0.002 0.002 0.002 0.002 0.002 0.002 0.002 0.002 0.002 0.002 0.002 0.002 0.002 0.002 0.002 0.002 0.002 0.002 0.002 0.002 0.002 
0.002 0.002 0.002 0.002 0.002 0.002 0.002 0.002 0.002 0.002 0.002 0.002 0.002 0.002 0.002 0.002 0.002 0.002 0.002 0.002 0.002 0.002 0.002 0.002 0.002 0.002 0.002 0.002 
0.002 0.002 0.002 0.002 0.002 0.002 0.002 0.002 0.002 0.002 0.002 0.002 0.002 0.002 0.002 0.002 0.002 0.002 0.002 0.002 0.002 0.002 0.002 0.002 0.002 0.002 0.002 0.002 
0.002 0.002 0.002 0.002 0.002 0.002 0.002 0.002 0.002 0.002 0.002 0.002 0.002 0.002 0.002 0.002 0.002 0.002 0.002 0.002 0.002 0.002 0.002 0.002 0.002 0.002 0.002 0.002 
0.002 0.002 0.002 0.002 0.002 0.002 0.002 0.002 0.002 0.002 0.002 0.002 0.002 0.002 0.002 0.002 0.002 0.002 0.002 0.002 0.002 0.002 0.002 0.002 0.002 0.002 0.002 0.002 
0.002 0.002 0.002 0.002 0.002 0.002 0.002 0.002 0.002 0.002 0.002 0.002 0.002 0.002 0.002 0.002 0.002 0.002 0.002 0.002 0.002 0.002 0.002 0.002 0.002 0.002 0.002 0.002 
0.002 0.002 0.002 0.002 0.002 0.002 0.002 0.002 0.002 0.002 0.002 0.002 0.002 0.002 0.002 0.002 0.002 0.002 0.002 0.002 0.002 0.002 0.002 0.002 0.002 0.002 0.002 0.002 
0.002 0.002 0.002 0.002 0.002 0.002 0.002 0.002 0.002 0.002 0.002 0.002 0.002 0.002 0.002 0.002 0.002 0.002 0.002 0.002 0.002 0.002 0.002 0.002 0.002 0.002 0.002 0.002 
0.002 0.002 0.002 0.002 0.002 0.002 0.002 0.002 0.002 0.002 0.002 0.004 0.004 0.004 0.004 0.004 0.002 0.002 0.002 0.002 0.002 0.002 0.002 0.002 0.002 0.002 0.002 0.002 
0.002 0.002 0.002 0.002 0.002 0.004 0.004 0.009 0.011 0.013 0.016 0.016 0.018 0.016 0.018 0.016 0.014 0.007 0.004 0.002 0.002 0.004 0.004 0.002 0.002 0.002 0.002 0.002 
0.002 0.002 0.002 0.002 0.009 0.022 0.04 0.06 0.074 0.087 0.121 0.125 0.147 0.165 0.17 0.167 0.159 0.138 0.118 0.074 0.045 0.029 0.024 0.011 0.002 0.002 0.002 0.002 
0.004 0.004 0.005 0.018 0.051 0.091 0.168 0.223 0.304 0.409 0.46 0.522 0.563 0.594 0.616 0.614 0.627 0.6 0.551 0.455 0.313 0.192 0.091 0.031 0.007 0.002 0.002 0.002 
0.004 0.005 0.018 0.051 0.118 0.208 0.319 0.451 0.574 0.661 0.75 0.797 0.83 0.837 0.848 0.868 0.855 0.83 0.804 0.69 0.504 0.351 0.168 0.065 0.011 0.002 0.002 0.002 
0.004 0.011 0.029 0.069 0.156 0.281 0.393 0.558 0.688 0.786 0.841 0.866 0.87 0.866 0.855 0.877 0.915 0.913 0.873 0.766 0.603 0.404 0.201 0.078 0.013 0.002 0.002 0.002 
0.002 0.009 0.029 0.076 0.174 0.279 0.393 0.54 0.65 0.716 0.745 0.712 0.658 0.625 0.601 0.645 0.739 0.851 0.87 0.777 0.603 0.389 0.176 0.062 0.013 0.002 0.002 0.002 
0.002 0.007 0.022 0.069 0.141 0.197 0.306 0.438 0.513 0.542 0.493 0.428 0.366 0.324 0.299 0.42 0.618 0.777 0.851 0.755 0.571 0.339 0.15 0.053 0.009 0.002 0.002 0.002 
0.002 0.004 0.018 0.053 0.101 0.149 0.245 0.313 0.364 0.366 0.321 0.241 0.178 0.154 0.187 0.335 0.58 0.792 0.835 0.687 0.505 0.274 0.112 0.038 0.005 0.002 0.002 0.002 
0.002 0.004 0.007 0.033 0.065 0.096 0.158 0.214 0.236 0.241 0.192 0.132 0.094 0.085 0.167 0.389 0.663 0.821 0.812 0.647 0.399 0.207 0.083 0.022 0.005 0.004 0.002 0.002 
0.002 0.002 0.004 0.014 0.047 0.072 0.114 0.156 0.17 0.145 0.107 0.083 0.078 0.101 0.228 0.518 0.759 0.828 0.788 0.551 0.304 0.159 0.072 0.031 0.011 0.007 0.002 0.002 
0.002 0.002 0.002 0.007 0.036 0.058 0.078 0.116 0.111 0.105 0.1 0.096 0.109 0.172 0.406 0.661 0.832 0.857 0.714 0.444 0.27 0.129 0.072 0.034 0.013 0.007 0.002 0.002 
0.002 0.002 0.002 0.005 0.024 0.047 0.065 0.082 0.1 0.1 0.101 0.12 0.147 0.29 0.569 0.755 0.855 0.812 0.591 0.371 0.203 0.1 0.049 0.027 0.009 0.004 0.002 0.002 
0.002 0.002 0.002 0.005 0.018 0.031 0.038 0.062 0.074 0.076 0.094 0.138 0.221 0.449 0.676 0.832 0.842 0.668 0.435 0.259 0.129 0.056 0.034 0.018 0.011 0.005 0.002 0.002 
0.002 0.002 0.005 0.005 0.009 0.009 0.018 0.029 0.047 0.053 0.083 0.152 0.322 0.543 0.743 0.817 0.739 0.505 0.328 0.163 0.082 0.036 0.016 0.009 0.005 0.002 0.002 0.002 
0.002 0.002 0.005 0.004 0.004 0.004 0.005 0.013 0.018 0.036 0.094 0.219 0.437 0.623 0.763 0.772 0.603 0.377 0.234 0.089 0.054 0.025 0.009 0.004 0.004 0.002 0.002 0.002 
0.002 0.002 0.002 0.002 0.002 0.002 0.005 0.013 0.02 0.069 0.167 0.35 0.524 0.679 0.739 0.647 0.484 0.299 0.159 0.065 0.04 0.018 0.007 0.002 0.002 0.002 0.002 0.002 
0.002 0.002 0.002 0.002 0.002 0.005 0.009 0.02 0.056 0.139 0.261 0.444 0.567 0.678 0.639 0.527 0.4 0.245 0.116 0.049 0.033 0.014 0.004 0.002 0.002 0.002 0.002 0.002 
0.002 0.002 0.002 0.002 0.004 0.007 0.014 0.04 0.107 0.212 0.375 0.475 0.58 0.614 0.556 0.46 0.332 0.197 0.096 0.042 0.031 0.016 0.007 0.002 0.002 0.002 0.002 0.002 
0.002 0.002 0.002 0.002 0.005 0.016 0.029 0.091 0.17 0.29 0.404 0.495 0.551 0.518 0.471 0.4 0.295 0.159 0.083 0.038 0.029 0.013 0.005 0.002 0.002 0.002 0.002 0.002 
0.002 0.002 0.002 0.002 0.007 0.022 0.053 0.127 0.228 0.342 0.422 0.457 0.491 0.435 0.413 0.339 0.264 0.159 0.083 0.036 0.027 0.014 0.007 0.002 0.002 0.002 0.002 0.002 
0.002 0.002 0.002 0.002 0.004 0.025 0.071 0.15 0.239 0.326 0.373 0.404 0.386 0.361 0.357 0.284 0.226 0.149 0.076 0.034 0.024 0.014 0.009 0.004 0.002 0.002 0.002 0.002 
0.002 0.002 0.002 0.002 0.004 0.013 0.051 0.101 0.161 0.197 0.236 0.257 0.232 0.212 0.207 0.194 0.132 0.098 0.056 0.031 0.02 0.013 0.007 0.004 0.002 0.002 0.002 0.002 
0.002 0.002 0.002 0.002 0.002 0.004 0.007 0.011 0.014 0.016 0.025 0.036 0.047 0.049 0.045 0.036 0.029 0.025 0.014 0.007 0.004 0.005 0.005 0.002 0.002 0.002 0.002 0.002 
0.002 0.002 0.002 0.002 0.002 0.002 0.002 0.002 0.002 0.002 0.002 0.002 0.002 0.002 0.002 0.002 0.002 0.002 0.002 0.002 0.002 0.002 0.002 0.002 0.002 0.002 0.002 0.002 
0.002 0.002 0.002 0.002 0.002 0.002 0.002 0.002 0.002 0.002 0.002 0.002 0.002 0.002 0.002 0.002 0.002 0.002 0.002 0.002 0.002 0.002 0.002 0.002 0.002 0.002 0.002 0.002 
0.002 0.002 0.002 0.002 0.002 0.002 0.002 0.002 0.002 0.002 0.002 0.002 0.002 0.002 0.002 0.002 0.002 0.002 0.002 0.002 0.002 0.002 0.002 0.002 0.002 0.002 0.002 0.002 
0.002 0.002 0.002 0.002 0.002 0.002 0.002 0.002 0.002 0.002 0.004 0.004 0.006 0.009 0.009 0.011 0.013 0.011 0.011 0.006 0.004 0.002 0.002 0.002 0.002 0.002 0.002 0.002 
0.002 0.002 0.002 0.002 0.002 0.004 0.002 0.004 0.006 0.011 0.019 0.045 0.084 0.123 0.172 0.216 0.231 0.226 0.19 0.138 0.093 0.045 0.019 0.011 0.004 0.002 0.002 0.002 
0.002 0.002 0.002 0.002 0.002 0.002 0.004 0.009 0.022 0.078 0.159 0.3 0.412 0.554 0.679 0.767 0.797 0.741 0.64 0.496 0.347 0.228 0.121 0.058 0.028 0.009 0.006 0.002 
0.002 0.002 0.002 0.002 0.004 0.002 0.013 0.037 0.11 0.231 0.375 0.541 0.681 0.819 0.884 0.888 0.888 0.849 0.784 0.659 0.517 0.373 0.231 0.123 0.06 0.017 0.011 0.006 
0.002 0.002 0.002 0.002 0.004 0.011 0.03 0.106 0.218 0.381 0.53 0.679 0.756 0.825 0.825 0.806 0.774 0.763 0.746 0.679 0.573 0.448 0.315 0.185 0.088 0.026 0.013 0.006 
0.002 0.002 0.002 0.002 0.006 0.026 0.071 0.153 0.293 0.481 0.636 0.718 0.748 0.69 0.61 0.543 0.532 0.567 0.634 0.634 0.586 0.502 0.397 0.226 0.114 0.034 0.013 0.004 
0.002 0.002 0.002 0.002 0.015 0.039 0.099 0.175 0.325 0.506 0.653 0.683 0.644 0.53 0.422 0.334 0.394 0.506 0.627 0.67 0.644 0.526 0.384 0.241 0.119 0.037 0.004 0.002 
0.002 0.002 0.002 0.002 0.015 0.05 0.093 0.2 0.3 0.494 0.636 0.677 0.623 0.474 0.369 0.334 0.442 0.569 0.703 0.711 0.664 0.489 0.304 0.183 0.08 0.015 0.004 0.002 
0.002 0.002 0.002 0.002 0.015 0.05 0.095 0.19 0.289 0.433 0.601 0.679 0.666 0.573 0.433 0.47 0.599 0.739 0.763 0.694 0.547 0.364 0.203 0.095 0.032 0.013 0.004 0.004 
0.002 0.002 0.002 0.002 0.013 0.039 0.086 0.147 0.248 0.397 0.541 0.69 0.737 0.685 0.623 0.705 0.795 0.821 0.703 0.552 0.379 0.207 0.103 0.039 0.026 0.009 0.004 0.004 
0.002 0.002 0.002 0.002 0.011 0.028 0.06 0.121 0.203 0.321 0.466 0.688 0.834 0.853 0.836 0.864 0.901 0.791 0.558 0.356 0.198 0.106 0.06 0.03 0.017 0.009 0.002 0.002 
0.002 0.002 0.002 0.002 0.002 0.019 0.041 0.086 0.157 0.254 0.433 0.683 0.881 0.922 0.938 0.948 0.892 0.677 0.422 0.216 0.114 0.063 0.034 0.022 0.013 0.004 0.002 0.002 
0.002 0.002 0.002 0.002 0.002 0.011 0.03 0.058 0.116 0.254 0.472 0.744 0.897 0.948 0.933 0.916 0.784 0.552 0.345 0.177 0.108 0.054 0.026 0.024 0.013 0.002 0.002 0.002 
0.002 0.002 0.002 0.002 0.004 0.015 0.032 0.067 0.153 0.364 0.603 0.81 0.879 0.888 0.836 0.804 0.711 0.528 0.358 0.209 0.119 0.073 0.032 0.022 0.013 0.002 0.002 0.002 
0.002 0.002 0.002 0.002 0.006 0.017 0.047 0.142 0.28 0.515 0.746 0.83 0.782 0.709 0.685 0.662 0.64 0.532 0.373 0.248 0.142 0.088 0.056 0.03 0.013 0.002 0.002 0.002 
0.002 0.002 0.002 0.002 0.006 0.032 0.095 0.239 0.416 0.647 0.756 0.759 0.651 0.552 0.524 0.591 0.584 0.526 0.394 0.265 0.188 0.11 0.067 0.034 0.013 0.002 0.002 0.002 
0.002 0.002 0.002 0.002 0.006 0.058 0.142 0.321 0.498 0.681 0.739 0.629 0.491 0.455 0.472 0.539 0.558 0.513 0.433 0.306 0.19 0.119 0.063 0.032 0.011 0.002 0.002 0.002 
0.002 0.002 0.002 0.002 0.009 0.073 0.207 0.373 0.558 0.72 0.666 0.584 0.485 0.485 0.534 0.545 0.571 0.554 0.457 0.323 0.194 0.119 0.054 0.028 0.009 0.002 0.002 0.002 
0.002 0.002 0.002 0.002 0.011 0.086 0.207 0.381 0.567 0.677 0.709 0.69 0.666 0.677 0.683 0.644 0.612 0.541 0.42 0.304 0.175 0.095 0.05 0.024 0.006 0.002 0.002 0.002 
0.002 0.002 0.002 0.002 0.006 0.075 0.183 0.349 0.513 0.662 0.802 0.849 0.877 0.853 0.793 0.705 0.591 0.496 0.381 0.246 0.134 0.06 0.043 0.015 0.006 0.002 0.002 0.002 
0.002 0.002 0.002 0.002 0.002 0.05 0.136 0.256 0.403 0.552 0.705 0.825 0.873 0.853 0.748 0.616 0.494 0.392 0.259 0.153 0.065 0.034 0.024 0.006 0.004 0.002 0.002 0.002 
0.002 0.002 0.002 0.002 0.002 0.017 0.065 0.121 0.205 0.293 0.397 0.476 0.519 0.506 0.44 0.358 0.276 0.207 0.125 0.069 0.037 0.024 0.006 0.002 0.002 0.002 0.002 0.002 
0.002 0.002 0.002 0.002 0.002 0.002 0.002 0.009 0.011 0.015 0.022 0.032 0.043 0.05 0.05 0.039 0.028 0.017 0.015 0.013 0.006 0.002 0.002 0.002 0.002 0.002 0.002 0.002 
0.002 0.002 0.002 0.002 0.002 0.002 0.002 0.002 0.002 0.002 0.002 0.002 0.002 0.002 0.002 0.002 0.002 0.002 0.002 0.002 0.002 0.004 0.004 0.004 0.002 0.002 0.002 0.002 
0.002 0.002 0.002 0.002 0.002 0.002 0.002 0.002 0.002 0.002 0.002 0.002 0.002 0.002 0.002 0.002 0.002 0.002 0.002 0.002 0.002 0.002 0.002 0.002 0.002 0.002 0.002 0.002 
0.002 0.002 0.002 0.002 0.002 0.002 0.002 0.002 0.002 0.002 0.002 0.002 0.002 0.002 0.002 0.002 0.002 0.002 0.002 0.002 0.002 0.002 0.002 0.002 0.002 0.002 0.002 0.002 
0.002 0.002 0.002 0.002 0.002 0.002 0.002 0.002 0.002 0.002 0.002 0.002 0.002 0.002 0.002 0.002 0.002 0.002 0.002 0.002 0.002 0.002 0.002 0.002 0.002 0.002 0.002 0.002 
0.002 0.002 0.002 0.002 0.002 0.002 0.002 0.002 0.002 0.002 0.002 0.002 0.002 0.002 0.002 0.002 0.002 0.002 0.002 0.002 0.002 0.002 0.002 0.002 0.002 0.002 0.002 0.002 
0.002 0.002 0.002 0.002 0.002 0.002 0.002 0.002 0.002 0.002 0.002 0.002 0.002 0.002 0.002 0.002 0.002 0.002 0.002 0.002 0.002 0.002 0.002 0.002 0.002 0.002 0.002 0.002 
0.002 0.002 0.002 0.002 0.002 0.002 0.002 0.002 0.002 0.002 0.004 0.006 0.008 0.008 0.008 0.008 0.008 0.004 0.002 0.002 0.002 0.002 0.002 0.002 0.002 0.002 0.002 0.002 
0.002 0.002 0.002 0.002 0.002 0.002 0.002 0.002 0.002 0.004 0.012 0.028 0.04 0.042 0.052 0.06 0.048 0.042 0.026 0.016 0.014 0.004 0.002 0.002 0.002 0.002 0.002 0.002 
0.002 0.002 0.002 0.002 0.002 0.002 0.006 0.01 0.022 0.062 0.121 0.193 0.344 0.487 0.579 0.612 0.588 0.497 0.374 0.26 0.151 0.062 0.008 0.004 0.002 0.002 0.002 0.002 
0.002 0.002 0.002 0.002 0.002 0.006 0.014 0.04 0.087 0.185 0.324 0.519 0.738 0.861 0.942 0.938 0.911 0.829 0.658 0.477 0.3 0.141 0.042 0.018 0.006 0.002 0.002 0.002 
0.002 0.002 0.002 0.002 0.006 0.014 0.048 0.107 0.187 0.358 0.59 0.817 0.911 0.913 0.887 0.835 0.829 0.835 0.755 0.604 0.398 0.211 0.085 0.022 0.006 0.002 0.002 0.002 
0.002 0.002 0.002 0.002 0.01 0.04 0.089 0.177 0.334 0.575 0.801 0.871 0.835 0.682 0.586 0.527 0.6 0.698 0.734 0.648 0.443 0.229 0.101 0.032 0.004 0.002 0.002 0.002 
0.002 0.002 0.002 0.002 0.016 0.07 0.123 0.264 0.469 0.763 0.815 0.789 0.602 0.38 0.233 0.28 0.443 0.666 0.753 0.712 0.489 0.249 0.115 0.032 0.008 0.002 0.002 0.002 
0.002 0.002 0.002 0.002 0.026 0.093 0.169 0.354 0.596 0.787 0.763 0.62 0.344 0.173 0.165 0.304 0.547 0.773 0.825 0.722 0.487 0.245 0.095 0.018 0.006 0.004 0.002 0.002 
0.002 0.002 0.002 0.006 0.032 0.101 0.215 0.447 0.642 0.773 0.722 0.451 0.286 0.221 0.316 0.513 0.744 0.881 0.845 0.712 0.431 0.205 0.05 0.012 0.004 0.004 0.002 0.002 
0.002 0.002 0.002 0.01 0.038 0.101 0.223 0.477 0.652 0.757 0.68 0.491 0.408 0.471 0.571 0.74 0.863 0.934 0.841 0.624 0.338 0.127 0.044 0.006 0.004 0.004 0.004 0.002 
0.002 0.002 0.002 0.01 0.034 0.099 0.207 0.427 0.612 0.708 0.708 0.638 0.636 0.664 0.751 0.841 0.924 0.942 0.787 0.503 0.229 0.097 0.036 0.008 0.002 0.004 0.004 0.002 
0.002 0.002 0.002 0.008 0.026 0.089 0.169 0.348 0.531 0.624 0.678 0.688 0.694 0.708 0.773 0.865 0.926 0.897 0.68 0.378 0.169 0.06 0.03 0.006 0.002 0.004 0.006 0.002 
0.002 0.002 0.002 0.006 0.016 0.052 0.125 0.233 0.382 0.493 0.579 0.598 0.608 0.634 0.704 0.845 0.909 0.801 0.551 0.288 0.123 0.056 0.018 0.004 0.002 0.004 0.004 0.002 
0.002 0.002 0.004 0.006 0.006 0.03 0.072 0.133 0.207 0.304 0.374 0.4 0.425 0.521 0.674 0.811 0.841 0.704 0.445 0.235 0.111 0.038 0.016 0.008 0.002 0.002 0.002 0.002 
0.002 0.002 0.004 0.004 0.004 0.014 0.028 0.058 0.105 0.151 0.189 0.227 0.31 0.461 0.666 0.757 0.757 0.581 0.364 0.215 0.095 0.032 0.022 0.012 0.004 0.002 0.002 0.002 
0.002 0.002 0.002 0.004 0.004 0.012 0.018 0.034 0.048 0.062 0.117 0.181 0.29 0.469 0.618 0.664 0.63 0.459 0.3 0.189 0.099 0.028 0.022 0.01 0.008 0.002 0.002 0.002 
0.002 0.002 0.002 0.004 0.004 0.006 0.018 0.02 0.026 0.064 0.101 0.183 0.348 0.507 0.586 0.581 0.505 0.396 0.262 0.171 0.097 0.038 0.022 0.01 0.008 0.002 0.002 0.002 
0.002 0.002 0.002 0.002 0.004 0.006 0.014 0.024 0.042 0.085 0.163 0.282 0.406 0.499 0.549 0.527 0.451 0.314 0.243 0.163 0.099 0.052 0.022 0.01 0.008 0.002 0.002 0.002 
0.002 0.002 0.002 0.002 0.002 0.004 0.016 0.034 0.07 0.131 0.223 0.336 0.445 0.489 0.493 0.443 0.368 0.292 0.237 0.175 0.111 0.056 0.022 0.01 0.008 0.002 0.002 0.002 
0.002 0.002 0.002 0.002 0.004 0.006 0.018 0.056 0.107 0.175 0.286 0.354 0.427 0.439 0.429 0.384 0.322 0.278 0.237 0.163 0.121 0.062 0.028 0.014 0.006 0.002 0.002 0.002 
0.002 0.002 0.002 0.002 0.006 0.012 0.028 0.068 0.125 0.203 0.296 0.35 0.386 0.37 0.352 0.326 0.288 0.249 0.223 0.151 0.103 0.064 0.034 0.016 0.004 0.002 0.002 0.002 
0.002 0.002 0.002 0.002 0.004 0.014 0.034 0.072 0.127 0.189 0.258 0.296 0.296 0.286 0.27 0.247 0.231 0.205 0.175 0.109 0.082 0.054 0.028 0.01 0.006 0.002 0.002 0.002 
0.002 0.002 0.002 0.004 0.006 0.008 0.014 0.026 0.046 0.062 0.074 0.08 0.085 0.08 0.087 0.076 0.07 0.064 0.052 0.028 0.022 0.016 0.008 0.004 0.002 0.002 0.002 0.002 
0.002 0.002 0.002 0.002 0.002 0.002 0.002 0.002 0.002 0.002 0.002 0.002 0.004 0.004 0.006 0.004 0.004 0.002 0.004 0.006 0.004 0.002 0.002 0.002 0.002 0.002 0.002 0.002 
